2024-03-30

1.9155925925925927
1.8560167464114836
1.7473310810810811
1.573661257606491
1.4420353159851302
1.3634710017574694
1.2802227722772277
1.1899003067484664
1.068615702479339
0.9415230582524272
0.8534818481848185
0.8039533678756478
0.7789307228915664
0.7466939364773821
0.7210176579925651
0.7078604014598541
0.6829357394366198
0.6558030431107355
0.6256572580645162
0.5935845447589901
0.569614537444934
0.5529686386315039
0.5368961937716263
0.5234919028340081
0.5090649606299212
0.49446462715105166
0.483373831775701
0.47596012269938653
0.46567527010804327
0.4505313588850175
0.43806606437041223
0.4312479155086159
0.4216385869565218
0.4107014293276866
0.3972427035330261
0.3848288690476191
0.37417165841942296
0.36033636317190193
0.3616229368360703
0.35578704552958873
0.34490017293577374
0.3379073494951959
0.33302927149645645
0.32771314882400654
0.3273246222844775
0.3232468219676926
0.3165041612271541
0.30895793426706547
0.303459322451566
0.2997612157133971
0.2863102926523231
0.26509541952127935
0.2546143445070922
0.25
